Fitness: 138.852	Vector: [14723.2856598, 0.0320652, 0.0004891, 3.2065200000000002e-09, 0.0494137, 0.000601593, 0.0011542759999999999, 0.00014673, 14757.699546, 13492.291977, 0.000973309, 0.00030813300000000004]
Fitness: 138.982	Vector: [14457.5436418, 0.0209868, 0.0005022, 2.09868e-09, 0.0737736, 0.000617706, 0.0011851919999999998, 0.00015065999999999997, 14780.5804334, 13235.8965057, 0.000999378, 0.000316386]
Fitness: 139.696	Vector: [13235.544377, 0.0372836, 0.0005429, 3.72836e-09, 0.0440192, 0.000667767, 0.001281244, 0.00016287, 13861.2859557, 11220.8446389, 0.0010803710000000001, 0.000342027]
Fitness: 139.397	Vector: [22239.5958703, 0.0342262, 0.0003229, 3.4226199999999995e-09, 0.0501641, 0.000397167, 0.0007620439999999999, 9.687e-05, 21951.7848138, 19059.7292076, 0.000642571, 0.000203427]
Fitness: 139.731	Vector: [23360.6826298, 0.0320172, 0.0003165, 3.20172e-09, 0.0557645, 0.000389295, 0.00074694, 9.494999999999999e-05, 23285.7334844, 20206.5523059, 0.000629835, 0.000199395]
Fitness: 139.231	Vector: [16336.3070613, 0.0250218, 0.000425, 2.5021799999999997e-09, 0.1, 0.00052275, 0.001003, 0.00012749999999999998, 17429.9166554, 15374.0836433, 0.0008457499999999999, 0.00026775]
Fitness: 138.957	Vector: [14751.6759722, 0.0199589, 0.0004974, 1.9958900000000002e-09, 0.0876903, 0.0006118019999999999, 0.0011738639999999997, 0.00014921999999999998, 14977.334837, 12686.4446534, 0.0009898259999999999, 0.00031336199999999997]
Fitness: 138.688	Vector: [21574.2778522, 0.0176012, 0.0003381, 1.76012e-09, 0.0973454, 0.000415863, 0.0007979159999999999, 0.00010143, 22658.7300053, 21308.2065697, 0.000672819, 0.000213003]
Fitness: 139.048	Vector: [16080.9720066, 0.024732, 0.0004452, 2.4732e-09, 0.1, 0.000547596, 0.0010506719999999999, 0.00013356, 16529.7763312, 15009.934083, 0.000885948, 0.000280476]
Fitness: 139.361	Vector: [16944.5487229, 0.0200562, 0.0004163, 2.00562e-09, 0.1, 0.000512049, 0.000982468, 0.00012488999999999998, 19039.1902468, 15216.2650765, 0.000828437, 0.000262269]
Fitness: 139.526	Vector: [18733.013832, 0.0537273, 0.000371, 5.3727299999999995e-09, 0.0296201, 0.00045633, 0.0008755599999999999, 0.0001113, 20691.9946024, 17797.6024856, 0.0007382900000000001, 0.00023373000000000003]
Fitness: 139.691	Vector: [22901.1899095, 0.0466868, 0.0003037, 4.66868e-09, 0.0360813, 0.000373551, 0.000716732, 9.111e-05, 23365.2682087, 19821.7231821, 0.000604363, 0.00019133100000000002]
Fitness: 138.816	Vector: [14109.1329562, 0.0266192, 0.0005018, 2.66192e-09, 0.0686046, 0.000617214, 0.0011842480000000002, 0.00015054, 15080.1795985, 13760.1045963, 0.000998582, 0.00031613400000000003]
Fitness: 138.264	Vector: [18793.7050785, 0.0177037, 0.0003971, 1.7703699999999998e-09, 0.1, 0.000488433, 0.000937156, 0.00011912999999999999, 19008.5261541, 17338.5465291, 0.000790229, 0.000250173]
Fitness: 138.33	Vector: [18620.0253019, 0.0206584, 0.0003941, 2.06584e-09, 0.0950116, 0.000484743, 0.000930076, 0.00011822999999999998, 18576.6532174, 17552.4974303, 0.0007842589999999999, 0.00024828299999999997]
Fitness: 140.032	Vector: [13430.1223024, 0.0375718, 0.0005173, 3.7571800000000005e-09, 0.0486538, 0.000636279, 0.001220828, 0.00015519, 12790.5887581, 13170.6291229, 0.001029427, 0.00032589900000000005]
Fitness: 139.712	Vector: [14233.7816628, 0.0586903, 0.0004971, 5.86903e-09, 0.0239001, 0.000611433, 0.0011731559999999999, 0.00014913, 13695.7923045, 12864.1225441, 0.0009892289999999999, 0.000313173]
Fitness: 138.426	Vector: [20776.1050626, 0.0212407, 0.0003488, 2.12407e-09, 0.1, 0.000429024, 0.000823168, 0.00010464, 20499.2499004, 19578.1642614, 0.0006941120000000001, 0.00021974400000000002]
Fitness: 139.224	Vector: [13196.0230515, 0.0223893, 0.0005339, 2.23893e-09, 0.0945513, 0.000656697, 0.001260004, 0.00016017, 13228.3419362, 11706.823627, 0.001062461, 0.000336357]
Fitness: 138.691	Vector: [17785.2936501, 0.023415, 0.0004024, 2.3415e-09, 0.0779088, 0.000494952, 0.000949664, 0.00012072, 19218.3369825, 16111.4365292, 0.000800776, 0.000253512]
Fitness: 139.334	Vector: [14307.0216053, 0.0325366, 0.0004963, 3.2536599999999997e-09, 0.0631308, 0.000610449, 0.0011712679999999998, 0.00014889, 15243.4217831, 13156.5366717, 0.000987637, 0.000312669]
Fitness: 139.463	Vector: [16230.3870447, 0.0348419, 0.0004498, 3.48419e-09, 0.0398044, 0.000553254, 0.001061528, 0.00013493999999999998, 15879.0699927, 15264.5492086, 0.0008951019999999999, 0.000283374]
Fitness: 139.786	Vector: [19137.4387746, 0.0200847, 0.0003697, 2.0084699999999998e-09, 0.1, 0.000454731, 0.0008724919999999999, 0.00011091, 22446.9239875, 19210.9194962, 0.000735703, 0.000232911]
Fitness: 139.398	Vector: [16051.8540231, 0.0388285, 0.0004472, 3.88285e-09, 0.0404739, 0.0005500559999999999, 0.0010553919999999998, 0.00013415999999999998, 16138.1026531, 13821.9103605, 0.0008899279999999999, 0.000281736]
Fitness: 138.929	Vector: [22754.3414397, 0.0295614, 0.0003125, 2.95614e-09, 0.0521766, 0.000384375, 0.0007375, 9.375e-05, 23497.6631297, 20598.4929171, 0.000621875, 0.000196875]
Fitness: 138.396	Vector: [19090.8777725, 0.0201459, 0.0003881, 2.01459e-09, 0.0903548, 0.000477363, 0.0009159159999999999, 0.00011643, 19120.348889, 17112.1417048, 0.000772319, 0.00024450300000000003]
Fitness: 139.845	Vector: [15349.7234137, 0.0282164, 0.0004789, 2.8216399999999998e-09, 0.0653919, 0.000589047, 0.0011302039999999999, 0.00014366999999999998, 14536.5339599, 12925.0774639, 0.0009530109999999999, 0.000301707]
Fitness: 138.496	Vector: [21785.3215348, 0.0181453, 0.0003423, 1.81453e-09, 0.1, 0.000421029, 0.000807828, 0.00010269000000000001, 21605.4057252, 19149.7693866, 0.000681177, 0.00021564900000000002]
Fitness: 139.572	Vector: [16256.1220669, 0.0341618, 0.000431, 3.4161799999999997e-09, 0.0582686, 0.00053013, 0.00101716, 0.0001293, 16858.2149125, 14113.2300087, 0.00085769, 0.00027153]
Fitness: 139.347	Vector: [15710.0569766, 0.0188986, 0.0004836, 1.88986e-09, 0.091681, 0.0005948279999999999, 0.001141296, 0.00014508, 16486.2227891, 15068.2629293, 0.000962364, 0.000304668]
Fitness: 138.852 Vector: [14723.2856598, 0.0320652, 0.0004891, 3.2065200000000002e-09, 0.0494137, 0.000601593, 0.0011542759999999999, 0.00014673, 14757.699546, 13492.291977, 0.000973309, 0.00030813300000000004]